{
 "cells": [
  {
   "metadata": {
    "collapsed": true,
    "ExecuteTime": {
     "end_time": "2024-12-16T18:45:03.893820Z",
     "start_time": "2024-12-16T18:44:23.357597Z"
    }
   },
   "cell_type": "code",
   "source": [
    "import numpy as np\n",
    "import scipy as sp\n",
    "import math\n",
    "# Define known parameters\n",
    "rho1 = 1553.6; mu1 = 65e-3; N1 = 14000; D1 = 50e-3; M1 = 0.85; P1 = 10.4e5\n",
    "#rho2 = 1000; mu2 = 10e-3\n",
    "D2 = 55e-3; rho2 = 1286; mu2 = 33.82e-3 #60% Sucrose W/W at 30 C\n",
    "g = 9.807  # Acceleration due to gravity in m/s^2\n",
    "\n",
    "Q1 = M1/rho1\n",
    "\n",
    "# Define lower and upper bounds for mu, rho, m_dot, pressure rise\n",
    "lb = [2000, 0.3, 2.5e5]  # Lower bounds\n",
    "ub = [10000, 0.85, 4e5]  # Upper bounds\n",
    "bounds = [(low, high) for low, high in zip(lb, ub)]\n",
    "#np.random.seed(100)\n",
    "\n",
    "# Define the objective function (sum of squared residuals)\n",
    "def pump_equations(x):\n",
    "    N2, M2, P2 = x\n",
    "    \n",
    "    # Specific speed equation residual\n",
    "    F1 = (N1 * np.sqrt(M1/rho1) / (P1/(rho1 * g))**(3/4)) - (N2 * np.sqrt(M2/rho2) / (P2/(rho2 * g))**(3/4))\n",
    "    \n",
    "    # Flow coefficient equation residual\n",
    "    F2 = ( M1/rho1 / (N1 * D1**3)) - (M2/rho2 / (N2 * D2**3))\n",
    "    \n",
    "    # Head coefficient equation residual\n",
    "    F3 = ( P1/rho1 / (N1**2 * D1**2)) - ( P2/rho2 / (N2**2 * D2**2))\n",
    "    \n",
    "    # Reynolds number equation residual\n",
    "    F4 = (M1/mu1 / D1) - (M2/mu2 / D2)\n",
    "    \n",
    "    # Power Coefficient (based on hydraulic power)\n",
    "    F5 = ( P1 * M1/rho1 / ( rho1 * N1**3 * D1**5) ) - ( P2 * M2/rho2 / ( rho2 * N2**3 * D2**5) )\n",
    "    \n",
    "    # Sum of squared residuals\n",
    "    #return F1**2 + F2**2 + F3**2 + F4**2\n",
    "    return [F1, F2, F3, F4, F5]\n",
    "\n",
    "# Normalization function for better scaling\n",
    "def normalize_residuals(residuals):\n",
    "    # Scale each residual by a factor that brings them into a similar range\n",
    "    scales = [1.0, 1.0e-3, 1.0e-3, 1, 1.0e3]  # Example scales, adjust as needed\n",
    "    return [residuals[i] / scales[i] for i in range(len(residuals))]\n",
    "\n",
    "# Objective function for minimization (sum of squares of normalized residuals)\n",
    "def objective_function(x):\n",
    "    residuals = pump_equations(x)\n",
    "    normalized_residuals = normalize_residuals(residuals)\n",
    "    return sum([r**2 for r in normalized_residuals])\n",
    "\n",
    "\n",
    "# Initial guesses for unknowns\n",
    "x0 = np.array([8000, 0.4, 2e5])\n",
    "\n",
    "# Perform optimization using 'SLSQP' (Sequential Least Squares Programming)\n",
    "#result = sp.optimize.minimize(objective_function, x0, bounds=bounds, method='trust-constr', options={'disp': True, 'maxiter': 10000, 'xtol': 1e-16, 'gtol': 1e-16})\n",
    "#result = sp.optimize.differential_evolution(objective_function, bounds, disp = True, popsize=300, tol = 1e-16, maxiter = 1000)\n",
    "#result = sp.optimize.root(pump_equations, x0, method='trust-constr', bounds=bounds, options={'xtol': 1e-10, 'maxiter': 2000})\n",
    "\n",
    "# Perform global optimization using basinhopping\n",
    "# Basin Hopping Methods: Powell\n",
    "result = sp.optimize.basinhopping(objective_function,x0=x0,minimizer_kwargs={\"method\": \"Powell\", \"bounds\": bounds},niter=1000,T=0.5,stepsize=1,disp=True)"
   ],
   "id": "initial_id",
   "outputs": [
    {
     "name": "stdout",
     "output_type": "stream",
     "text": [
      "warning: basinhopping: local minimization failure\n",
      "basinhopping step 0: f 5.87251e-06\n",
      "basinhopping step 1: f 5.35744e-13 trial_f 5.35744e-13 accepted 1  lowest_f 5.35744e-13\n",
      "found new global minimum on step 1 with function value 5.35744e-13\n",
      "basinhopping step 2: f 2.95697e-14 trial_f 2.95697e-14 accepted 1  lowest_f 2.95697e-14\n",
      "found new global minimum on step 2 with function value 2.95697e-14\n",
      "warning: basinhopping: local minimization failure\n",
      "basinhopping step 3: f 2.95697e-14 trial_f 6.0432e-06 accepted 0  lowest_f 2.95697e-14\n",
      "basinhopping step 4: f 5.35765e-13 trial_f 5.35765e-13 accepted 1  lowest_f 2.95697e-14\n",
      "basinhopping step 5: f 1.63483e-16 trial_f 1.63483e-16 accepted 1  lowest_f 1.63483e-16\n",
      "found new global minimum on step 5 with function value 1.63483e-16\n",
      "basinhopping step 6: f 1.08495e-11 trial_f 1.08495e-11 accepted 1  lowest_f 1.63483e-16\n"
     ]
    },
    {
     "name": "stderr",
     "output_type": "stream",
     "text": [
      "C:\\Users\\Krai\\AppData\\Local\\Temp\\ipykernel_3712\\2049665192.py:23: RuntimeWarning: invalid value encountered in sqrt\n",
      "  F1 = (N1 * np.sqrt(M1/rho1) / (P1/(rho1 * g))**(3/4)) - (N2 * np.sqrt(M2/rho2) / (P2/(rho2 * g))**(3/4))\n"
     ]
    },
    {
     "name": "stdout",
     "output_type": "stream",
     "text": [
      "warning: basinhopping: local minimization failure\n",
      "basinhopping step 7: f 1.08495e-11 trial_f 5.96424e-06 accepted 0  lowest_f 1.63483e-16\n",
      "basinhopping step 8: f 1.00911e-11 trial_f 1.00911e-11 accepted 1  lowest_f 1.63483e-16\n",
      "warning: basinhopping: local minimization failure\n",
      "basinhopping step 9: f 1.00911e-11 trial_f 5.98103e-06 accepted 0  lowest_f 1.63483e-16\n",
      "basinhopping step 10: f 5.3585e-13 trial_f 5.3585e-13 accepted 1  lowest_f 1.63483e-16\n",
      "basinhopping step 11: f 5.35723e-13 trial_f 5.35723e-13 accepted 1  lowest_f 1.63483e-16\n",
      "warning: basinhopping: local minimization failure\n",
      "basinhopping step 12: f 5.35723e-13 trial_f 5.98092e-06 accepted 0  lowest_f 1.63483e-16\n",
      "basinhopping step 13: f 3.31248e-21 trial_f 3.31248e-21 accepted 1  lowest_f 3.31248e-21\n",
      "found new global minimum on step 13 with function value 3.31248e-21\n",
      "basinhopping step 14: f 5.35792e-13 trial_f 5.35792e-13 accepted 1  lowest_f 3.31248e-21\n",
      "basinhopping step 15: f 5.36346e-13 trial_f 5.36346e-13 accepted 1  lowest_f 3.31248e-21\n",
      "basinhopping step 16: f 5.35724e-13 trial_f 5.35724e-13 accepted 1  lowest_f 3.31248e-21\n",
      "warning: basinhopping: local minimization failure\n",
      "basinhopping step 17: f 5.35724e-13 trial_f 5.98097e-06 accepted 0  lowest_f 3.31248e-21\n",
      "warning: basinhopping: local minimization failure\n",
      "basinhopping step 18: f 5.35724e-13 trial_f 5.98085e-06 accepted 0  lowest_f 3.31248e-21\n",
      "warning: basinhopping: local minimization failure\n",
      "basinhopping step 19: f 5.35724e-13 trial_f 5.96356e-06 accepted 0  lowest_f 3.31248e-21\n",
      "warning: basinhopping: local minimization failure\n",
      "basinhopping step 20: f 5.35724e-13 trial_f 6.04341e-06 accepted 0  lowest_f 3.31248e-21\n",
      "warning: basinhopping: local minimization failure\n",
      "basinhopping step 21: f 5.35724e-13 trial_f 5.9639e-06 accepted 0  lowest_f 3.31248e-21\n",
      "basinhopping step 22: f 5.3518e-13 trial_f 5.3518e-13 accepted 1  lowest_f 3.31248e-21\n",
      "basinhopping step 23: f 5.35702e-13 trial_f 5.35702e-13 accepted 1  lowest_f 3.31248e-21\n",
      "warning: basinhopping: local minimization failure\n",
      "basinhopping step 24: f 5.35702e-13 trial_f 5.98097e-06 accepted 0  lowest_f 3.31248e-21\n",
      "basinhopping step 25: f 5.35876e-13 trial_f 5.35876e-13 accepted 1  lowest_f 3.31248e-21\n",
      "basinhopping step 26: f 5.35421e-13 trial_f 5.35421e-13 accepted 1  lowest_f 3.31248e-21\n",
      "basinhopping step 27: f 5.34636e-13 trial_f 5.34636e-13 accepted 1  lowest_f 3.31248e-21\n",
      "warning: basinhopping: local minimization failure\n",
      "basinhopping step 28: f 5.34636e-13 trial_f 5.98068e-06 accepted 0  lowest_f 3.31248e-21\n",
      "basinhopping step 29: f 3.899e-13 trial_f 3.899e-13 accepted 1  lowest_f 3.31248e-21\n",
      "basinhopping step 30: f 9.87264e-12 trial_f 9.87264e-12 accepted 1  lowest_f 3.31248e-21\n",
      "basinhopping step 31: f 5.35073e-13 trial_f 5.35073e-13 accepted 1  lowest_f 3.31248e-21\n",
      "warning: basinhopping: local minimization failure\n",
      "basinhopping step 32: f 5.35073e-13 trial_f 6.04317e-06 accepted 0  lowest_f 3.31248e-21\n",
      "warning: basinhopping: local minimization failure\n",
      "basinhopping step 33: f 5.35073e-13 trial_f 6.1064e-06 accepted 0  lowest_f 3.31248e-21\n",
      "warning: basinhopping: local minimization failure\n",
      "basinhopping step 34: f 5.35073e-13 trial_f 6.04311e-06 accepted 0  lowest_f 3.31248e-21\n",
      "warning: basinhopping: local minimization failure\n",
      "basinhopping step 35: f 5.35073e-13 trial_f 5.9637e-06 accepted 0  lowest_f 3.31248e-21\n",
      "basinhopping step 36: f 1.79948e-13 trial_f 1.79948e-13 accepted 1  lowest_f 3.31248e-21\n",
      "warning: basinhopping: local minimization failure\n",
      "basinhopping step 37: f 1.79948e-13 trial_f 5.25398e-08 accepted 0  lowest_f 3.31248e-21\n",
      "warning: basinhopping: local minimization failure\n",
      "basinhopping step 38: f 1.79948e-13 trial_f 5.96402e-06 accepted 0  lowest_f 3.31248e-21\n",
      "basinhopping step 39: f 1.10856e-11 trial_f 1.10856e-11 accepted 1  lowest_f 3.31248e-21\n",
      "warning: basinhopping: local minimization failure\n",
      "basinhopping step 40: f 1.10856e-11 trial_f 5.98087e-06 accepted 0  lowest_f 3.31248e-21\n",
      "warning: basinhopping: local minimization failure\n",
      "basinhopping step 41: f 1.10856e-11 trial_f 6.04332e-06 accepted 0  lowest_f 3.31248e-21\n",
      "basinhopping step 42: f 5.34911e-13 trial_f 5.34911e-13 accepted 1  lowest_f 3.31248e-21\n",
      "basinhopping step 43: f 2.74257e-13 trial_f 2.74257e-13 accepted 1  lowest_f 3.31248e-21\n",
      "basinhopping step 44: f 1.58053e-13 trial_f 1.58053e-13 accepted 1  lowest_f 3.31248e-21\n",
      "warning: basinhopping: local minimization failure\n",
      "basinhopping step 45: f 1.58053e-13 trial_f 6.04344e-06 accepted 0  lowest_f 3.31248e-21\n",
      "warning: basinhopping: local minimization failure\n",
      "basinhopping step 46: f 1.58053e-13 trial_f 6.04358e-06 accepted 0  lowest_f 3.31248e-21\n",
      "basinhopping step 47: f 5.35437e-13 trial_f 5.35437e-13 accepted 1  lowest_f 3.31248e-21\n",
      "warning: basinhopping: local minimization failure\n",
      "basinhopping step 48: f 5.35437e-13 trial_f 6.04337e-06 accepted 0  lowest_f 3.31248e-21\n",
      "basinhopping step 49: f 5.35602e-13 trial_f 5.35602e-13 accepted 1  lowest_f 3.31248e-21\n",
      "adaptive stepsize: acceptance rate 0.540000 target 0.500000 new stepsize 1.11111 old stepsize 1\n",
      "basinhopping step 50: f 5.57897e-13 trial_f 5.57897e-13 accepted 1  lowest_f 3.31248e-21\n",
      "warning: basinhopping: local minimization failure\n",
      "basinhopping step 51: f 5.57897e-13 trial_f 6.04321e-06 accepted 0  lowest_f 3.31248e-21\n",
      "warning: basinhopping: local minimization failure\n",
      "basinhopping step 52: f 5.57897e-13 trial_f 6.90084e-14 accepted 0  lowest_f 3.31248e-21\n",
      "basinhopping step 53: f 5.35304e-13 trial_f 5.35304e-13 accepted 1  lowest_f 3.31248e-21\n",
      "basinhopping step 54: f 5.34377e-13 trial_f 5.34377e-13 accepted 1  lowest_f 3.31248e-21\n",
      "basinhopping step 55: f 9.42324e-12 trial_f 9.42324e-12 accepted 1  lowest_f 3.31248e-21\n",
      "warning: basinhopping: local minimization failure\n",
      "basinhopping step 56: f 9.42324e-12 trial_f 6.04312e-06 accepted 0  lowest_f 3.31248e-21\n",
      "basinhopping step 57: f 5.3517e-13 trial_f 5.3517e-13 accepted 1  lowest_f 3.31248e-21\n",
      "basinhopping step 58: f 5.35788e-13 trial_f 5.35788e-13 accepted 1  lowest_f 3.31248e-21\n",
      "warning: basinhopping: local minimization failure\n",
      "basinhopping step 59: f 5.35788e-13 trial_f 6.0433e-06 accepted 0  lowest_f 3.31248e-21\n",
      "basinhopping step 60: f 5.35717e-13 trial_f 5.35717e-13 accepted 1  lowest_f 3.31248e-21\n",
      "basinhopping step 61: f 5.34387e-13 trial_f 5.34387e-13 accepted 1  lowest_f 3.31248e-21\n",
      "basinhopping step 62: f 5.35727e-13 trial_f 5.35727e-13 accepted 1  lowest_f 3.31248e-21\n",
      "basinhopping step 63: f 9.44407e-12 trial_f 9.44407e-12 accepted 1  lowest_f 3.31248e-21\n",
      "basinhopping step 64: f 8.41675e-12 trial_f 8.41675e-12 accepted 1  lowest_f 3.31248e-21\n",
      "basinhopping step 65: f 5.34296e-13 trial_f 5.34296e-13 accepted 1  lowest_f 3.31248e-21\n",
      "basinhopping step 66: f 1.56001e-15 trial_f 1.56001e-15 accepted 1  lowest_f 3.31248e-21\n",
      "warning: basinhopping: local minimization failure\n",
      "basinhopping step 67: f 1.56001e-15 trial_f 5.98102e-06 accepted 0  lowest_f 3.31248e-21\n",
      "basinhopping step 68: f 5.35133e-13 trial_f 5.35133e-13 accepted 1  lowest_f 3.31248e-21\n",
      "basinhopping step 69: f 5.36012e-13 trial_f 5.36012e-13 accepted 1  lowest_f 3.31248e-21\n",
      "basinhopping step 70: f 1.17374e-11 trial_f 1.17374e-11 accepted 1  lowest_f 3.31248e-21\n",
      "basinhopping step 71: f 5.34413e-13 trial_f 5.34413e-13 accepted 1  lowest_f 3.31248e-21\n",
      "basinhopping step 72: f 5.35687e-13 trial_f 5.35687e-13 accepted 1  lowest_f 3.31248e-21\n",
      "warning: basinhopping: local minimization failure\n",
      "basinhopping step 73: f 5.35687e-13 trial_f 5.96363e-06 accepted 0  lowest_f 3.31248e-21\n",
      "warning: basinhopping: local minimization failure\n",
      "basinhopping step 74: f 5.35687e-13 trial_f 5.96368e-06 accepted 0  lowest_f 3.31248e-21\n",
      "warning: basinhopping: local minimization failure\n",
      "basinhopping step 75: f 5.35687e-13 trial_f 5.9806e-06 accepted 0  lowest_f 3.31248e-21\n",
      "basinhopping step 76: f 1.10027e-11 trial_f 1.10027e-11 accepted 1  lowest_f 3.31248e-21\n",
      "basinhopping step 77: f 5.35292e-13 trial_f 5.35292e-13 accepted 1  lowest_f 3.31248e-21\n",
      "warning: basinhopping: local minimization failure\n",
      "basinhopping step 78: f 5.35292e-13 trial_f 6.0435e-06 accepted 0  lowest_f 3.31248e-21\n",
      "basinhopping step 79: f 5.36113e-13 trial_f 5.36113e-13 accepted 1  lowest_f 3.31248e-21\n",
      "warning: basinhopping: local minimization failure\n",
      "basinhopping step 80: f 5.36113e-13 trial_f 1.01623e-13 accepted 0  lowest_f 3.31248e-21\n",
      "basinhopping step 81: f 5.35137e-13 trial_f 5.35137e-13 accepted 1  lowest_f 3.31248e-21\n",
      "warning: basinhopping: local minimization failure\n",
      "basinhopping step 82: f 5.35137e-13 trial_f 6.04296e-06 accepted 0  lowest_f 3.31248e-21\n",
      "warning: basinhopping: local minimization failure\n",
      "basinhopping step 83: f 5.35137e-13 trial_f 5.96392e-06 accepted 0  lowest_f 3.31248e-21\n",
      "basinhopping step 84: f 1.02573e-11 trial_f 1.02573e-11 accepted 1  lowest_f 3.31248e-21\n",
      "basinhopping step 85: f 5.35438e-13 trial_f 5.35438e-13 accepted 1  lowest_f 3.31248e-21\n",
      "basinhopping step 86: f 1.48212e-12 trial_f 1.48212e-12 accepted 1  lowest_f 3.31248e-21\n",
      "basinhopping step 87: f 5.34277e-13 trial_f 5.34277e-13 accepted 1  lowest_f 3.31248e-21\n",
      "basinhopping step 88: f 1.1627e-11 trial_f 1.1627e-11 accepted 1  lowest_f 3.31248e-21\n",
      "basinhopping step 89: f 5.35244e-13 trial_f 5.35244e-13 accepted 1  lowest_f 3.31248e-21\n",
      "warning: basinhopping: local minimization failure\n",
      "basinhopping step 90: f 5.35244e-13 trial_f 5.98097e-06 accepted 0  lowest_f 3.31248e-21\n",
      "warning: basinhopping: local minimization failure\n",
      "basinhopping step 91: f 5.35244e-13 trial_f 6.3037e-17 accepted 0  lowest_f 3.31248e-21\n",
      "warning: basinhopping: local minimization failure\n",
      "basinhopping step 92: f 5.35244e-13 trial_f 6.0434e-06 accepted 0  lowest_f 3.31248e-21\n",
      "basinhopping step 93: f 5.35673e-13 trial_f 5.35673e-13 accepted 1  lowest_f 3.31248e-21\n",
      "basinhopping step 94: f 5.35646e-13 trial_f 5.35646e-13 accepted 1  lowest_f 3.31248e-21\n",
      "basinhopping step 95: f 5.35511e-13 trial_f 5.35511e-13 accepted 1  lowest_f 3.31248e-21\n",
      "basinhopping step 96: f 5.34561e-13 trial_f 5.34561e-13 accepted 1  lowest_f 3.31248e-21\n",
      "warning: basinhopping: local minimization failure\n",
      "basinhopping step 97: f 5.34561e-13 trial_f 6.04323e-06 accepted 0  lowest_f 3.31248e-21\n",
      "basinhopping step 98: f 5.34487e-13 trial_f 5.34487e-13 accepted 1  lowest_f 3.31248e-21\n",
      "warning: basinhopping: local minimization failure\n",
      "basinhopping step 99: f 5.34487e-13 trial_f 5.36529e-14 accepted 0  lowest_f 3.31248e-21\n",
      "adaptive stepsize: acceptance rate 0.600000 target 0.500000 new stepsize 1.23457 old stepsize 1.11111\n",
      "basinhopping step 100: f 9.21658e-13 trial_f 9.21658e-13 accepted 1  lowest_f 3.31248e-21\n",
      "warning: basinhopping: local minimization failure\n",
      "basinhopping step 101: f 9.21658e-13 trial_f 5.96343e-06 accepted 0  lowest_f 3.31248e-21\n",
      "warning: basinhopping: local minimization failure\n",
      "basinhopping step 102: f 9.21658e-13 trial_f 5.9809e-06 accepted 0  lowest_f 3.31248e-21\n",
      "warning: basinhopping: local minimization failure\n",
      "basinhopping step 103: f 9.21658e-13 trial_f 6.04349e-06 accepted 0  lowest_f 3.31248e-21\n",
      "basinhopping step 104: f 5.35727e-13 trial_f 5.35727e-13 accepted 1  lowest_f 3.31248e-21\n",
      "warning: basinhopping: local minimization failure\n",
      "basinhopping step 105: f 5.35727e-13 trial_f 6.0435e-06 accepted 0  lowest_f 3.31248e-21\n",
      "warning: basinhopping: local minimization failure\n",
      "basinhopping step 106: f 5.35727e-13 trial_f 5.98104e-06 accepted 0  lowest_f 3.31248e-21\n",
      "warning: basinhopping: local minimization failure\n",
      "basinhopping step 107: f 5.35727e-13 trial_f 6.04342e-06 accepted 0  lowest_f 3.31248e-21\n",
      "basinhopping step 108: f 5.35557e-13 trial_f 5.35557e-13 accepted 1  lowest_f 3.31248e-21\n",
      "warning: basinhopping: local minimization failure\n",
      "basinhopping step 109: f 5.35557e-13 trial_f 5.98078e-06 accepted 0  lowest_f 3.31248e-21\n",
      "warning: basinhopping: local minimization failure\n",
      "basinhopping step 110: f 5.35557e-13 trial_f 6.04359e-06 accepted 0  lowest_f 3.31248e-21\n",
      "warning: basinhopping: local minimization failure\n",
      "basinhopping step 111: f 5.35557e-13 trial_f 6.04333e-06 accepted 0  lowest_f 3.31248e-21\n",
      "basinhopping step 112: f 5.35119e-13 trial_f 5.35119e-13 accepted 1  lowest_f 3.31248e-21\n",
      "basinhopping step 113: f 1.04532e-16 trial_f 1.04532e-16 accepted 1  lowest_f 3.31248e-21\n",
      "basinhopping step 114: f 1.43818e-18 trial_f 1.43818e-18 accepted 1  lowest_f 3.31248e-21\n",
      "basinhopping step 115: f 5.34045e-13 trial_f 5.34045e-13 accepted 1  lowest_f 3.31248e-21\n",
      "warning: basinhopping: local minimization failure\n",
      "basinhopping step 116: f 5.34045e-13 trial_f 5.98091e-06 accepted 0  lowest_f 3.31248e-21\n",
      "warning: basinhopping: local minimization failure\n",
      "basinhopping step 117: f 5.34045e-13 trial_f 6.1721e-17 accepted 0  lowest_f 3.31248e-21\n",
      "warning: basinhopping: local minimization failure\n",
      "basinhopping step 118: f 5.34045e-13 trial_f 6.0433e-06 accepted 0  lowest_f 3.31248e-21\n",
      "warning: basinhopping: local minimization failure\n",
      "basinhopping step 119: f 5.34045e-13 trial_f 5.98093e-06 accepted 0  lowest_f 3.31248e-21\n",
      "basinhopping step 120: f 5.3516e-13 trial_f 5.3516e-13 accepted 1  lowest_f 3.31248e-21\n",
      "basinhopping step 121: f 4.67474e-14 trial_f 4.67474e-14 accepted 1  lowest_f 3.31248e-21\n",
      "basinhopping step 122: f 1.17684e-11 trial_f 1.17684e-11 accepted 1  lowest_f 3.31248e-21\n",
      "basinhopping step 123: f 5.35238e-13 trial_f 5.35238e-13 accepted 1  lowest_f 3.31248e-21\n",
      "warning: basinhopping: local minimization failure\n",
      "basinhopping step 124: f 5.35238e-13 trial_f 6.1068e-06 accepted 0  lowest_f 3.31248e-21\n",
      "basinhopping step 125: f 5.35368e-13 trial_f 5.35368e-13 accepted 1  lowest_f 3.31248e-21\n",
      "basinhopping step 126: f 2.8174e-13 trial_f 2.8174e-13 accepted 1  lowest_f 3.31248e-21\n",
      "basinhopping step 127: f 5.33941e-13 trial_f 5.33941e-13 accepted 1  lowest_f 3.31248e-21\n",
      "basinhopping step 128: f 2.1438e-13 trial_f 2.1438e-13 accepted 1  lowest_f 3.31248e-21\n",
      "basinhopping step 129: f 9.02491e-12 trial_f 9.02491e-12 accepted 1  lowest_f 3.31248e-21\n",
      "basinhopping step 130: f 5.35691e-13 trial_f 5.35691e-13 accepted 1  lowest_f 3.31248e-21\n",
      "basinhopping step 131: f 5.35873e-13 trial_f 5.35873e-13 accepted 1  lowest_f 3.31248e-21\n",
      "basinhopping step 132: f 5.35082e-13 trial_f 5.35082e-13 accepted 1  lowest_f 3.31248e-21\n",
      "warning: basinhopping: local minimization failure\n",
      "basinhopping step 133: f 5.35082e-13 trial_f 5.96385e-06 accepted 0  lowest_f 3.31248e-21\n",
      "basinhopping step 134: f 1.09987e-11 trial_f 1.09987e-11 accepted 1  lowest_f 3.31248e-21\n",
      "warning: basinhopping: local minimization failure\n",
      "basinhopping step 135: f 1.09987e-11 trial_f 5.981e-06 accepted 0  lowest_f 3.31248e-21\n",
      "basinhopping step 136: f 5.35738e-13 trial_f 5.35738e-13 accepted 1  lowest_f 3.31248e-21\n",
      "basinhopping step 137: f 1.1395e-11 trial_f 1.1395e-11 accepted 1  lowest_f 3.31248e-21\n",
      "warning: basinhopping: local minimization failure\n",
      "basinhopping step 138: f 1.1395e-11 trial_f 6.04327e-06 accepted 0  lowest_f 3.31248e-21\n",
      "warning: basinhopping: local minimization failure\n",
      "basinhopping step 139: f 1.1395e-11 trial_f 6.04339e-06 accepted 0  lowest_f 3.31248e-21\n",
      "basinhopping step 140: f 5.35772e-13 trial_f 5.35772e-13 accepted 1  lowest_f 3.31248e-21\n",
      "warning: basinhopping: local minimization failure\n",
      "basinhopping step 141: f 5.35772e-13 trial_f 5.98123e-06 accepted 0  lowest_f 3.31248e-21\n",
      "basinhopping step 142: f 8.29496e-12 trial_f 8.29496e-12 accepted 1  lowest_f 3.31248e-21\n",
      "basinhopping step 143: f 5.34015e-13 trial_f 5.34015e-13 accepted 1  lowest_f 3.31248e-21\n",
      "warning: basinhopping: local minimization failure\n",
      "basinhopping step 144: f 5.34015e-13 trial_f 4.85083e-14 accepted 0  lowest_f 3.31248e-21\n",
      "warning: basinhopping: local minimization failure\n",
      "basinhopping step 145: f 5.34015e-13 trial_f 5.98079e-06 accepted 0  lowest_f 3.31248e-21\n",
      "basinhopping step 146: f 9.11497e-12 trial_f 9.11497e-12 accepted 1  lowest_f 3.31248e-21\n",
      "basinhopping step 147: f 6.60528e-13 trial_f 6.60528e-13 accepted 1  lowest_f 3.31248e-21\n",
      "basinhopping step 148: f 1.15751e-11 trial_f 1.15751e-11 accepted 1  lowest_f 3.31248e-21\n",
      "basinhopping step 149: f 5.35602e-13 trial_f 5.35602e-13 accepted 1  lowest_f 3.31248e-21\n",
      "adaptive stepsize: acceptance rate 0.593333 target 0.500000 new stepsize 1.37174 old stepsize 1.23457\n",
      "warning: basinhopping: local minimization failure\n",
      "basinhopping step 150: f 5.35602e-13 trial_f 5.96382e-06 accepted 0  lowest_f 3.31248e-21\n",
      "basinhopping step 151: f 5.34633e-13 trial_f 5.34633e-13 accepted 1  lowest_f 3.31248e-21\n",
      "basinhopping step 152: f 9.86911e-14 trial_f 9.86911e-14 accepted 1  lowest_f 3.31248e-21\n",
      "warning: basinhopping: local minimization failure\n",
      "basinhopping step 153: f 9.86911e-14 trial_f 5.964e-06 accepted 0  lowest_f 3.31248e-21\n",
      "warning: basinhopping: local minimization failure\n",
      "basinhopping step 154: f 9.86911e-14 trial_f 5.98104e-06 accepted 0  lowest_f 3.31248e-21\n",
      "warning: basinhopping: local minimization failure\n",
      "basinhopping step 155: f 9.86911e-14 trial_f 6.04362e-06 accepted 0  lowest_f 3.31248e-21\n",
      "basinhopping step 156: f 5.34549e-13 trial_f 5.34549e-13 accepted 1  lowest_f 3.31248e-21\n",
      "warning: basinhopping: local minimization failure\n",
      "basinhopping step 157: f 5.34549e-13 trial_f 5.98106e-06 accepted 0  lowest_f 3.31248e-21\n",
      "warning: basinhopping: local minimization failure\n",
      "basinhopping step 158: f 5.34549e-13 trial_f 5.96408e-06 accepted 0  lowest_f 3.31248e-21\n",
      "basinhopping step 159: f 5.35941e-13 trial_f 5.35941e-13 accepted 1  lowest_f 3.31248e-21\n",
      "basinhopping step 160: f 5.34136e-13 trial_f 5.34136e-13 accepted 1  lowest_f 3.31248e-21\n",
      "basinhopping step 161: f 5.3574e-13 trial_f 5.3574e-13 accepted 1  lowest_f 3.31248e-21\n",
      "warning: basinhopping: local minimization failure\n",
      "basinhopping step 162: f 5.3574e-13 trial_f 5.96386e-06 accepted 0  lowest_f 3.31248e-21\n",
      "basinhopping step 163: f 5.61366e-16 trial_f 5.61366e-16 accepted 1  lowest_f 3.31248e-21\n",
      "warning: basinhopping: local minimization failure\n",
      "basinhopping step 164: f 5.61366e-16 trial_f 5.98142e-06 accepted 0  lowest_f 3.31248e-21\n",
      "basinhopping step 165: f 5.35094e-13 trial_f 5.35094e-13 accepted 1  lowest_f 3.31248e-21\n",
      "warning: basinhopping: local minimization failure\n",
      "basinhopping step 166: f 5.35094e-13 trial_f 5.96358e-06 accepted 0  lowest_f 3.31248e-21\n",
      "basinhopping step 167: f 5.35701e-13 trial_f 5.35701e-13 accepted 1  lowest_f 3.31248e-21\n",
      "warning: basinhopping: local minimization failure\n",
      "basinhopping step 168: f 5.35701e-13 trial_f 5.96371e-06 accepted 0  lowest_f 3.31248e-21\n",
      "basinhopping step 169: f 6.99576e-15 trial_f 6.99576e-15 accepted 1  lowest_f 3.31248e-21\n",
      "basinhopping step 170: f 1.01717e-11 trial_f 1.01717e-11 accepted 1  lowest_f 3.31248e-21\n",
      "warning: basinhopping: local minimization failure\n",
      "basinhopping step 171: f 1.01717e-11 trial_f 5.96426e-06 accepted 0  lowest_f 3.31248e-21\n",
      "warning: basinhopping: local minimization failure\n",
      "basinhopping step 172: f 1.01717e-11 trial_f 5.96387e-06 accepted 0  lowest_f 3.31248e-21\n",
      "warning: basinhopping: local minimization failure\n",
      "basinhopping step 173: f 1.01717e-11 trial_f 5.98136e-06 accepted 0  lowest_f 3.31248e-21\n",
      "basinhopping step 174: f 5.35255e-13 trial_f 5.35255e-13 accepted 1  lowest_f 3.31248e-21\n",
      "basinhopping step 175: f 5.37309e-13 trial_f 5.37309e-13 accepted 1  lowest_f 3.31248e-21\n",
      "basinhopping step 176: f 9.53038e-12 trial_f 9.53038e-12 accepted 1  lowest_f 3.31248e-21\n",
      "basinhopping step 177: f 5.37112e-13 trial_f 5.37112e-13 accepted 1  lowest_f 3.31248e-21\n",
      "basinhopping step 178: f 5.34216e-13 trial_f 5.34216e-13 accepted 1  lowest_f 3.31248e-21\n",
      "warning: basinhopping: local minimization failure\n",
      "basinhopping step 179: f 5.34216e-13 trial_f 5.96326e-06 accepted 0  lowest_f 3.31248e-21\n",
      "basinhopping step 180: f 5.34236e-13 trial_f 5.34236e-13 accepted 1  lowest_f 3.31248e-21\n",
      "basinhopping step 181: f 1.16038e-11 trial_f 1.16038e-11 accepted 1  lowest_f 3.31248e-21\n",
      "basinhopping step 182: f 9.12941e-12 trial_f 9.12941e-12 accepted 1  lowest_f 3.31248e-21\n",
      "warning: basinhopping: local minimization failure\n",
      "basinhopping step 183: f 9.12941e-12 trial_f 1.31516e-08 accepted 0  lowest_f 3.31248e-21\n",
      "basinhopping step 184: f 5.33616e-13 trial_f 5.33616e-13 accepted 1  lowest_f 3.31248e-21\n",
      "warning: basinhopping: local minimization failure\n",
      "basinhopping step 185: f 5.33616e-13 trial_f 7.95042e-14 accepted 0  lowest_f 3.31248e-21\n",
      "warning: basinhopping: local minimization failure\n",
      "basinhopping step 186: f 5.33616e-13 trial_f 5.98118e-06 accepted 0  lowest_f 3.31248e-21\n",
      "basinhopping step 187: f 5.35837e-13 trial_f 5.35837e-13 accepted 1  lowest_f 3.31248e-21\n",
      "warning: basinhopping: local minimization failure\n",
      "basinhopping step 188: f 5.35837e-13 trial_f 5.98141e-06 accepted 0  lowest_f 3.31248e-21\n",
      "basinhopping step 189: f 5.34235e-13 trial_f 5.34235e-13 accepted 1  lowest_f 3.31248e-21\n",
      "basinhopping step 190: f 5.34105e-13 trial_f 5.34105e-13 accepted 1  lowest_f 3.31248e-21\n",
      "basinhopping step 191: f 5.34933e-13 trial_f 5.34933e-13 accepted 1  lowest_f 3.31248e-21\n",
      "warning: basinhopping: local minimization failure\n",
      "basinhopping step 192: f 5.34933e-13 trial_f 5.96406e-06 accepted 0  lowest_f 3.31248e-21\n",
      "basinhopping step 193: f 3.09998e-15 trial_f 3.09998e-15 accepted 1  lowest_f 3.31248e-21\n",
      "basinhopping step 194: f 5.34476e-13 trial_f 5.34476e-13 accepted 1  lowest_f 3.31248e-21\n",
      "basinhopping step 195: f 5.34291e-13 trial_f 5.34291e-13 accepted 1  lowest_f 3.31248e-21\n",
      "warning: basinhopping: local minimization failure\n",
      "basinhopping step 196: f 5.34291e-13 trial_f 5.98109e-06 accepted 0  lowest_f 3.31248e-21\n",
      "basinhopping step 197: f 1.02737e-11 trial_f 1.02737e-11 accepted 1  lowest_f 3.31248e-21\n",
      "basinhopping step 198: f 5.34733e-13 trial_f 5.34733e-13 accepted 1  lowest_f 3.31248e-21\n",
      "basinhopping step 199: f 5.36108e-13 trial_f 5.36108e-13 accepted 1  lowest_f 3.31248e-21\n",
      "adaptive stepsize: acceptance rate 0.595000 target 0.500000 new stepsize 1.52416 old stepsize 1.37174\n",
      "basinhopping step 200: f 5.35806e-13 trial_f 5.35806e-13 accepted 1  lowest_f 3.31248e-21\n",
      "basinhopping step 201: f 1.87538e-14 trial_f 1.87538e-14 accepted 1  lowest_f 3.31248e-21\n",
      "basinhopping step 202: f 5.33797e-13 trial_f 5.33797e-13 accepted 1  lowest_f 3.31248e-21\n",
      "basinhopping step 203: f 5.36766e-13 trial_f 5.36766e-13 accepted 1  lowest_f 3.31248e-21\n",
      "warning: basinhopping: local minimization failure\n",
      "basinhopping step 204: f 5.36766e-13 trial_f 5.981e-06 accepted 0  lowest_f 3.31248e-21\n",
      "basinhopping step 205: f 2.58069e-15 trial_f 2.58069e-15 accepted 1  lowest_f 3.31248e-21\n",
      "basinhopping step 206: f 5.64197e-16 trial_f 5.64197e-16 accepted 1  lowest_f 3.31248e-21\n",
      "basinhopping step 207: f 5.33132e-13 trial_f 5.33132e-13 accepted 1  lowest_f 3.31248e-21\n",
      "basinhopping step 208: f 9.96032e-12 trial_f 9.96032e-12 accepted 1  lowest_f 3.31248e-21\n",
      "basinhopping step 209: f 5.35774e-13 trial_f 5.35774e-13 accepted 1  lowest_f 3.31248e-21\n",
      "basinhopping step 210: f 5.37228e-13 trial_f 5.37228e-13 accepted 1  lowest_f 3.31248e-21\n",
      "basinhopping step 211: f 5.34631e-13 trial_f 5.34631e-13 accepted 1  lowest_f 3.31248e-21\n",
      "basinhopping step 212: f 5.33998e-13 trial_f 5.33998e-13 accepted 1  lowest_f 3.31248e-21\n",
      "basinhopping step 213: f 5.3707e-13 trial_f 5.3707e-13 accepted 1  lowest_f 3.31248e-21\n",
      "basinhopping step 214: f 8.61086e-12 trial_f 8.61086e-12 accepted 1  lowest_f 3.31248e-21\n",
      "basinhopping step 215: f 5.33625e-13 trial_f 5.33625e-13 accepted 1  lowest_f 3.31248e-21\n",
      "basinhopping step 216: f 5.35856e-13 trial_f 5.35856e-13 accepted 1  lowest_f 3.31248e-21\n",
      "warning: basinhopping: local minimization failure\n",
      "basinhopping step 217: f 5.35856e-13 trial_f 6.04336e-06 accepted 0  lowest_f 3.31248e-21\n",
      "basinhopping step 218: f 1.1814e-11 trial_f 1.1814e-11 accepted 1  lowest_f 3.31248e-21\n",
      "basinhopping step 219: f 5.33875e-13 trial_f 5.33875e-13 accepted 1  lowest_f 3.31248e-21\n",
      "warning: basinhopping: local minimization failure\n",
      "basinhopping step 220: f 5.33875e-13 trial_f 6.04318e-06 accepted 0  lowest_f 3.31248e-21\n",
      "basinhopping step 221: f 5.34898e-13 trial_f 5.34898e-13 accepted 1  lowest_f 3.31248e-21\n",
      "basinhopping step 222: f 5.34261e-13 trial_f 5.34261e-13 accepted 1  lowest_f 3.31248e-21\n",
      "warning: basinhopping: local minimization failure\n",
      "basinhopping step 223: f 5.34261e-13 trial_f 5.9809e-06 accepted 0  lowest_f 3.31248e-21\n",
      "warning: basinhopping: local minimization failure\n",
      "basinhopping step 224: f 5.34261e-13 trial_f 5.98119e-06 accepted 0  lowest_f 3.31248e-21\n",
      "warning: basinhopping: local minimization failure\n",
      "basinhopping step 225: f 5.34261e-13 trial_f 5.96356e-06 accepted 0  lowest_f 3.31248e-21\n",
      "basinhopping step 226: f 1.70867e-13 trial_f 1.70867e-13 accepted 1  lowest_f 3.31248e-21\n",
      "basinhopping step 227: f 8.39892e-12 trial_f 8.39892e-12 accepted 1  lowest_f 3.31248e-21\n",
      "basinhopping step 228: f 5.35879e-13 trial_f 5.35879e-13 accepted 1  lowest_f 3.31248e-21\n",
      "warning: basinhopping: local minimization failure\n",
      "basinhopping step 229: f 5.35879e-13 trial_f 5.98114e-06 accepted 0  lowest_f 3.31248e-21\n",
      "basinhopping step 230: f 1.00829e-11 trial_f 1.00829e-11 accepted 1  lowest_f 3.31248e-21\n",
      "warning: basinhopping: local minimization failure\n",
      "basinhopping step 231: f 1.00829e-11 trial_f 5.98092e-06 accepted 0  lowest_f 3.31248e-21\n",
      "warning: basinhopping: local minimization failure\n",
      "basinhopping step 232: f 1.00829e-11 trial_f 6.04353e-06 accepted 0  lowest_f 3.31248e-21\n",
      "warning: basinhopping: local minimization failure\n",
      "basinhopping step 233: f 1.00829e-11 trial_f 5.96353e-06 accepted 0  lowest_f 3.31248e-21\n",
      "warning: basinhopping: local minimization failure\n",
      "basinhopping step 234: f 1.00829e-11 trial_f 6.04335e-06 accepted 0  lowest_f 3.31248e-21\n",
      "warning: basinhopping: local minimization failure\n",
      "basinhopping step 235: f 1.00829e-11 trial_f 5.96358e-06 accepted 0  lowest_f 3.31248e-21\n",
      "basinhopping step 236: f 1.8751e-13 trial_f 1.8751e-13 accepted 1  lowest_f 3.31248e-21\n",
      "basinhopping step 237: f 1.09144e-11 trial_f 1.09144e-11 accepted 1  lowest_f 3.31248e-21\n",
      "warning: basinhopping: local minimization failure\n",
      "basinhopping step 238: f 1.09144e-11 trial_f 5.98106e-06 accepted 0  lowest_f 3.31248e-21\n",
      "warning: basinhopping: local minimization failure\n",
      "basinhopping step 239: f 1.09144e-11 trial_f 5.96372e-06 accepted 0  lowest_f 3.31248e-21\n",
      "warning: basinhopping: local minimization failure\n",
      "basinhopping step 240: f 1.09144e-11 trial_f 5.96396e-06 accepted 0  lowest_f 3.31248e-21\n",
      "basinhopping step 241: f 5.33754e-13 trial_f 5.33754e-13 accepted 1  lowest_f 3.31248e-21\n",
      "basinhopping step 242: f 5.3586e-13 trial_f 5.3586e-13 accepted 1  lowest_f 3.31248e-21\n",
      "basinhopping step 243: f 5.34637e-13 trial_f 5.34637e-13 accepted 1  lowest_f 3.31248e-21\n",
      "basinhopping step 244: f 5.37148e-13 trial_f 5.37148e-13 accepted 1  lowest_f 3.31248e-21\n",
      "warning: basinhopping: local minimization failure\n",
      "basinhopping step 245: f 5.37148e-13 trial_f 5.98069e-06 accepted 0  lowest_f 3.31248e-21\n",
      "basinhopping step 246: f 8.02106e-12 trial_f 8.02106e-12 accepted 1  lowest_f 3.31248e-21\n",
      "basinhopping step 247: f 5.35769e-13 trial_f 5.35769e-13 accepted 1  lowest_f 3.31248e-21\n",
      "basinhopping step 248: f 5.37198e-13 trial_f 5.37198e-13 accepted 1  lowest_f 3.31248e-21\n",
      "warning: basinhopping: local minimization failure\n",
      "basinhopping step 249: f 5.37198e-13 trial_f 5.96377e-06 accepted 0  lowest_f 3.31248e-21\n",
      "adaptive stepsize: acceptance rate 0.608000 target 0.500000 new stepsize 1.69351 old stepsize 1.52416\n",
      "basinhopping step 250: f 5.35749e-13 trial_f 5.35749e-13 accepted 1  lowest_f 3.31248e-21\n",
      "warning: basinhopping: local minimization failure\n",
      "basinhopping step 251: f 5.35749e-13 trial_f 5.98089e-06 accepted 0  lowest_f 3.31248e-21\n",
      "basinhopping step 252: f 5.35809e-13 trial_f 5.35809e-13 accepted 1  lowest_f 3.31248e-21\n",
      "basinhopping step 253: f 1.09434e-11 trial_f 1.09434e-11 accepted 1  lowest_f 3.31248e-21\n",
      "basinhopping step 254: f 5.33815e-13 trial_f 5.33815e-13 accepted 1  lowest_f 3.31248e-21\n",
      "basinhopping step 255: f 5.35243e-13 trial_f 5.35243e-13 accepted 1  lowest_f 3.31248e-21\n",
      "basinhopping step 256: f 5.22505e-13 trial_f 5.22505e-13 accepted 1  lowest_f 3.31248e-21\n",
      "warning: basinhopping: local minimization failure\n",
      "basinhopping step 257: f 5.22505e-13 trial_f 5.96405e-06 accepted 0  lowest_f 3.31248e-21\n",
      "warning: basinhopping: local minimization failure\n",
      "basinhopping step 258: f 5.22505e-13 trial_f 5.98107e-06 accepted 0  lowest_f 3.31248e-21\n",
      "basinhopping step 259: f 5.35195e-13 trial_f 5.35195e-13 accepted 1  lowest_f 3.31248e-21\n",
      "basinhopping step 260: f 1.93566e-14 trial_f 1.93566e-14 accepted 1  lowest_f 3.31248e-21\n",
      "basinhopping step 261: f 5.337e-13 trial_f 5.337e-13 accepted 1  lowest_f 3.31248e-21\n",
      "basinhopping step 262: f 5.33814e-13 trial_f 5.33814e-13 accepted 1  lowest_f 3.31248e-21\n",
      "warning: basinhopping: local minimization failure\n",
      "basinhopping step 263: f 5.33814e-13 trial_f 6.04343e-06 accepted 0  lowest_f 3.31248e-21\n",
      "basinhopping step 264: f 5.36553e-13 trial_f 5.36553e-13 accepted 1  lowest_f 3.31248e-21\n",
      "warning: basinhopping: local minimization failure\n",
      "basinhopping step 265: f 5.36553e-13 trial_f 5.96411e-06 accepted 0  lowest_f 3.31248e-21\n",
      "basinhopping step 266: f 9.84884e-12 trial_f 9.84884e-12 accepted 1  lowest_f 3.31248e-21\n",
      "basinhopping step 267: f 3.08407e-14 trial_f 3.08407e-14 accepted 1  lowest_f 3.31248e-21\n",
      "basinhopping step 268: f 1.14562e-11 trial_f 1.14562e-11 accepted 1  lowest_f 3.31248e-21\n",
      "basinhopping step 269: f 5.35744e-13 trial_f 5.35744e-13 accepted 1  lowest_f 3.31248e-21\n",
      "warning: basinhopping: local minimization failure\n",
      "basinhopping step 270: f 5.35744e-13 trial_f 6.04322e-06 accepted 0  lowest_f 3.31248e-21\n",
      "warning: basinhopping: local minimization failure\n",
      "basinhopping step 271: f 5.35744e-13 trial_f 5.98078e-06 accepted 0  lowest_f 3.31248e-21\n",
      "warning: basinhopping: local minimization failure\n",
      "basinhopping step 272: f 5.35744e-13 trial_f 1.40875e-17 accepted 0  lowest_f 3.31248e-21\n",
      "basinhopping step 273: f 5.34596e-13 trial_f 5.34596e-13 accepted 1  lowest_f 3.31248e-21\n",
      "warning: basinhopping: local minimization failure\n",
      "basinhopping step 274: f 5.34596e-13 trial_f 5.96373e-06 accepted 0  lowest_f 3.31248e-21\n",
      "basinhopping step 275: f 3.77838e-14 trial_f 3.77838e-14 accepted 1  lowest_f 3.31248e-21\n",
      "warning: basinhopping: local minimization failure\n",
      "basinhopping step 276: f 3.77838e-14 trial_f 5.96359e-06 accepted 0  lowest_f 3.31248e-21\n",
      "warning: basinhopping: local minimization failure\n",
      "basinhopping step 277: f 3.77838e-14 trial_f 1.8793e-16 accepted 0  lowest_f 3.31248e-21\n",
      "basinhopping step 278: f 5.35229e-13 trial_f 5.35229e-13 accepted 1  lowest_f 3.31248e-21\n",
      "basinhopping step 279: f 5.35736e-13 trial_f 5.35736e-13 accepted 1  lowest_f 3.31248e-21\n",
      "basinhopping step 280: f 5.66005e-16 trial_f 5.66005e-16 accepted 1  lowest_f 3.31248e-21\n",
      "warning: basinhopping: local minimization failure\n",
      "basinhopping step 281: f 5.66005e-16 trial_f 5.98068e-06 accepted 0  lowest_f 3.31248e-21\n",
      "warning: basinhopping: local minimization failure\n",
